-- phpMyAdmin SQL Dump
-- version 5.2.1
-- https://www.phpmyadmin.net/
--
-- Host: localhost
-- Creato il: Mag 29, 2023 alle 17:28
-- Versione del server: 8.0.33
-- Versione PHP: 8.2.5

SET SQL_MODE = "NO_AUTO_VALUE_ON_ZERO";
START TRANSACTION;
SET time_zone = "+00:00";


/*!40101 SET @OLD_CHARACTER_SET_CLIENT=@@CHARACTER_SET_CLIENT */;
/*!40101 SET @OLD_CHARACTER_SET_RESULTS=@@CHARACTER_SET_RESULTS */;
/*!40101 SET @OLD_COLLATION_CONNECTION=@@COLLATION_CONNECTION */;
/*!40101 SET NAMES utf8mb4 */;

--
-- Database: `db_second_university`
--

-- --------------------------------------------------------

--
-- Struttura della tabella `exam_student`
--

CREATE TABLE `exam_student` (
  `exam_id` bigint UNSIGNED NOT NULL,
  `student_id` bigint UNSIGNED NOT NULL,
  `vote` tinyint UNSIGNED NOT NULL
) ENGINE=InnoDB DEFAULT CHARSET=utf8mb4 COLLATE=utf8mb4_unicode_ci;

--
-- Dump dei dati per la tabella `exam_student`
--

INSERT INTO `exam_student` (`media-voto`) VALUES
(16.8824),
(16.4615),
(20.3333),
(27.0000),
(17.5000),
(19.6000),
(6.5000),
(12.0000),
(17.4324),
(14.8889),
(22.0000),
(18.0526),
(19.0000),
(5.5000),
(22.0000),
(16.6176),
(15.0000),
(12.7500),
(12.0000),
(3.0000),
(19.1667),
(24.5000),
(16.9583),
(17.2500),
(20.1818),
(22.0000),
(19.5263),
(20.6000),
(17.4000),
(16.3333),
(17.4400),
(18.1667),
(11.0000),
(19.3333),
(17.4545),
(15.2000),
(9.0000),
(14.0000),
(21.6667),
(17.2000),
(22.2500),
(21.0000),
(24.0000),
(14.0000),
(26.0000),
(20.5455),
(22.0000),
(8.0000),
(32.0000),
(15.8750),
(27.0000),
(20.1538),
(13.0000),
(28.0000),
(12.1111),
(23.3333),
(18.3800),
(17.3889),
(11.3333),
(20.0000),
(16.5000),
(19.2000),
(18.8000),
(12.5000),
(17.3889),
(15.0000),
(20.0000),
(16.4681),
(15.5833),
(24.5000),
(14.2391),
(16.9412),
(19.0000),
(9.0000),
(19.5556),
(19.1667),
(12.5000),
(19.5000),
(16.7000),
(10.6000),
(24.0000),
(17.2857),
(14.9167),
(14.0000),
(12.0000),
(16.6563),
(11.3636),
(14.7500),
(4.0000),
(19.0000),
(18.8857),
(14.0000),
(10.0000),
(17.5556),
(12.7778),
(17.0000),
(17.8710),
(14.8571),
(25.0000),
(17.6250),
(16.7273),
(19.2500),
(19.3214),
(18.2857),
(7.0000),
(20.0000),
(16.5000),
(12.6000),
(8.0000),
(13.4722),
(17.1667),
(18.0000),
(17.8788),
(17.0000),
(28.6667),
(23.5294),
(19.2222),
(26.2500),
(20.1579),
(17.5000),
(19.0000),
(21.7273),
(24.0000),
(19.8000),
(19.4286),
(9.5000),
(10.5000),
(26.5000),
(14.0000),
(25.0000),
(32.0000),
(19.3158),
(13.6000),
(21.0000),
(18.8667),
(23.0000),
(26.0000),
(18.3704),
(20.4000),
(21.5000),
(4.0000),
(26.0000),
(19.0000),
(16.5000),
(29.0000),
(16.6923),
(20.6667),
(5.0000),
(10.0000),
(17.3667),
(18.8889),
(22.6667),
(20.7333),
(13.2500),
(18.0000),
(26.0000),
(12.8485),
(17.7692),
(7.6667),
(8.0000),
(18.0000),
(22.6250),
(27.5000),
(18.7931),
(19.6000),
(17.6364),
(18.3333),
(17.5000),
(19.2500),
(22.3333),
(19.0000),
(20.8333),
(21.7143),
(17.5000),
(15.0435),
(17.3333),
(33.0000),
(13.7143),
(18.7500),
(16.5000),
(18.5714),
(6.0000),
(17.4444),
(20.3333),
(21.0000),
(16.6667),
(22.0000),
(16.2000),
(12.0000),
(13.0000),
(22.0000),
(13.4000),
(22.0000),
(25.5000),
(15.7500),
(22.0000),
(19.1250),
(13.0000),
(10.0000),
(10.0000),
(22.0000),
(15.9474),
(15.5333),
(21.5000),
(18.1935),
(18.6000),
(16.5000),
(5.0000),
(15.2286),
(19.3846),
(22.6667),
(15.2903),
(17.5556),
(26.5000),
(17.1000),
(19.4444),
(19.5000),
(16.4211),
(25.1667),
(4.0000),
(15.0000),
(17.3333),
(17.6667),
(18.7692),
(23.0000),
(17.0000),
(19.1500),
(23.3333),
(16.6111),
(13.6667),
(23.0000),
(16.7500),
(21.0000),
(19.0000),
(6.0000),
(17.6818),
(14.4286),
(23.5000),
(19.0000),
(18.6897),
(19.0000),
(16.0000),
(15.0000),
(20.4091),
(17.3333),
(16.0000),
(15.7692),
(19.8000),
(14.0000),
(8.0000),
(13.0000),
(16.2941),
(18.4000),
(20.5556),
(24.0000),
(21.2000),
(7.3333),
(18.0000),
(21.2308),
(17.2500),
(20.0000),
(18.4545),
(18.7143),
(18.0000),
(15.5625),
(17.5455),
(8.0000),
(14.0000),
(18.6061),
(7.2000),
(22.0000),
(18.3000),
(11.8571),
(21.0000),
(13.0000),
(21.4643),
(14.3333),
(32.0000),
(20.9032),
(20.8333),
(25.0000),
(16.5926),
(17.0000),
(19.0000),
(20.5758),
(17.3333),
(17.7714),
(14.3636),
(15.1667),
(18.3333),
(20.6250),
(30.0000),
(19.7368),
(18.5000),
(23.0000),
(18.9333),
(15.4000),
(25.6667),
(19.6667),
(21.2500),
(22.0526),
(20.5000),
(16.0000),
(22.0000),
(18.2759),
(13.0000),
(31.0000),
(19.7879),
(16.8000),
(7.0000),
(15.0000),
(31.0000),
(17.0000),
(19.8182),
(24.0000),
(20.0000),
(17.3939),
(15.2857),
(15.9722),
(14.3636),
(16.2500),
(8.0000),
(33.0000),
(16.8889),
(15.4000),
(18.6000),
(14.8000),
(20.0000),
(15.3529),
(22.0000),
(30.0000),
(17.8750),
(24.2500),
(17.4118),
(16.8333),
(17.4583),
(12.3750),
(16.4000),
(25.0000),
(17.9167),
(15.6667),
(25.5000),
(18.0606),
(18.6667),
(28.0000),
(17.0263),
(21.6364),
(26.5000),
(20.4412),
(11.6667),
(17.0000),
(8.0000),
(18.4103),
(15.5000),
(14.6667),
(27.0000),
(17.1250),
(17.2500),
(11.3333),
(7.0000),
(17.3636),
(23.2000),
(10.0000),
(32.0000),
(16.7727),
(18.7143),
(17.2800),
(13.4286),
(24.6667),
(15.5600),
(12.2000),
(18.0000),
(9.0000),
(17.6111),
(19.3333),
(6.5000),
(7.0000),
(4.0000),
(16.8750),
(19.2222),
(18.8000),
(16.1667),
(13.7778),
(16.0000),
(15.9130),
(15.6000),
(21.3333),
(19.2121),
(22.5000),
(5.0000),
(25.0000),
(16.2647),
(17.3333),
(15.5000),
(6.0000),
(19.5122),
(17.5000),
(14.5000),
(27.0000),
(19.9524),
(11.1250),
(20.6000),
(19.5000),
(18.0000),
(17.6667),
(18.6250),
(20.5000),
(16.3158),
(16.9000),
(27.2500),
(15.7778),
(15.4545),
(16.0000),
(20.0000),
(14.1111),
(15.3333),
(5.0000),
(7.0000),
(18.3636),
(16.3333),
(19.9474),
(15.5000),
(15.9545),
(21.8750),
(20.0000),
(17.3462),
(20.5000),
(20.8800),
(21.5714),
(16.5714),
(19.5000),
(22.0000),
(14.5217),
(20.3333),
(17.5000),
(3.0000),
(26.0000),
(15.8158),
(10.9000),
(16.7500),
(8.0000),
(19.0000),
(20.2222),
(26.0000),
(18.8250),
(16.0000),
(17.0000),
(13.0000),
(16.0000),
(18.5116),
(24.5556),
(20.6410),
(14.6667),
(28.0000),
(18.6563),
(22.4000),
(3.0000),
(27.0000),
(17.2439),
(20.0833),
(27.0000),
(16.3478),
(15.7500),
(21.5000),
(16.8261),
(27.6667),
(16.0909),
(20.7143),
(16.7857),
(16.0000),
(31.0000),
(17.0370),
(20.3333),
(11.0000),
(21.0000),
(19.7500),
(21.6000),
(8.0000),
(17.8387),
(16.1667),
(27.5000),
(15.6774),
(20.2857),
(21.0000),
(17.5278),
(16.2000),
(25.5000),
(15.2000),
(15.2857),
(8.6667),
(19.5000),
(17.8889),
(19.2857),
(16.0000),
(18.4063),
(21.2500),
(25.6667),
(5.0000),
(31.0000),
(16.0606),
(21.0000),
(12.5000),
(9.0000),
(20.1111),
(12.6667),
(13.0000),
(11.0000),
(23.0000),
(17.6053),
(23.0000),
(15.5000),
(19.1579),
(17.8000),
(21.0000),
(17.4800),
(16.0000),
(7.0000),
(17.0000),
(17.4000),
(6.0000),
(26.0000),
(17.0870),
(13.5000),
(18.5000),
(19.0000),
(20.4000),
(8.5000),
(18.3500),
(8.6667),
(24.0000),
(4.0000),
(29.0000),
(12.2143),
(13.5000),
(16.0000),
(19.6667),
(26.8000),
(20.0000),
(27.0000),
(20.0882),
(20.0000),
(20.1282),
(13.8000),
(27.0000),
(20.9143),
(20.3333),
(9.0000),
(16.9722),
(21.9000),
(24.0000),
(21.2424),
(16.1429),
(27.2500),
(17.1818),
(19.0000),
(11.7500),
(6.0000),
(30.0000),
(18.1765),
(13.5000),
(28.0000),
(17.0833),
(16.2500),
(15.6667),
(17.0000),
(25.0000),
(19.9000),
(17.0000),
(16.5000),
(15.2400),
(15.3000),
(13.2000),
(7.0000),
(21.8000),
(17.3333),
(18.6429),
(8.0000),
(22.0000),
(15.5333),
(21.0000),
(4.0000),
(18.8462),
(27.0000),
(20.1250),
(22.5000),
(16.0714),
(16.4000),
(4.0000),
(19.5238),
(17.0000),
(19.0000),
(17.3600),
(16.8571),
(19.0357),
(17.5000),
(17.0000),
(13.0000),
(27.0000),
(19.0714),
(16.8889),
(16.3333),
(26.0000),
(21.6000),
(16.5000),
(33.0000),
(19.0000),
(17.6000),
(20.0000),
(17.6333),
(22.8000),
(22.0000),
(19.3030),
(15.3750),
(27.0000),
(18.1875),
(17.0000),
(11.0000),
(11.0000),
(15.0000),
(20.4000),
(19.3333),
(16.7619),
(18.7500),
(33.0000),
(18.8824),
(19.3333),
(21.0000),
(12.5625),
(14.3333),
(19.0000),
(14.4286),
(13.7778),
(18.0000),
(15.0000),
(10.0000),
(15.6471),
(23.7500),
(15.7692),
(12.0000),
(11.5000),
(12.0000),
(9.0000),
(23.4167),
(18.5000),
(15.5000),
(13.3333),
(23.0000),
(17.5000),
(18.0000),
(9.0000),
(16.1429),
(23.5000),
(15.1000),
(16.0000),
(31.0000),
(16.2222),
(18.3333),
(17.3333),
(16.5000),
(32.0000),
(17.4167),
(15.1538),
(20.5000),
(12.5000),
(17.6774),
(16.8889),
(29.0000),
(17.8065),
(18.8750),
(3.0000),
(21.0000),
(17.5600),
(17.5000),
(33.0000),
(21.9091),
(13.5000),
(19.6667),
(26.6667),
(15.4545),
(15.7500),
(21.0000),
(22.8947),
(17.0000),
(18.5789),
(21.4000),
(17.6522),
(16.8000),
(22.0000),
(17.6364),
(25.1667),
(19.9565),
(15.8333),
(20.5000),
(17.0000),
(20.9000),
(13.0000),
(25.0000),
(18.1111),
(16.1250),
(12.0000),
(11.0000),
(18.3600),
(20.7143),
(13.0000),
(11.0000),
(15.0000),
(20.8235),
(11.6667),
(19.5333),
(14.4000),
(14.5000),
(28.0000),
(17.2500),
(15.0000),
(5.0000),
(20.6111),
(20.8000),
(12.6000),
(22.5556),
(10.6667),
(16.0000),
(18.8235),
(20.0000),
(9.0000),
(14.0500),
(18.5000),
(10.0000),
(31.0000),
(20.4444),
(20.5000),
(17.5556),
(20.6667),
(26.0000),
(17.8421),
(23.6667),
(19.8333),
(16.2500),
(22.0000),
(17.0000),
(17.5000),
(13.0000),
(9.0000),
(18.4583),
(20.2500),
(14.8462),
(13.5000),
(11.0000),
(18.1429),
(18.6667),
(18.0000),
(17.1333),
(22.7500),
(28.0000),
(16.5833),
(16.0000),
(14.1818),
(18.2500),
(21.6471),
(21.7500),
(23.6154),
(20.0000),
(15.6522),
(9.8889),
(23.7500),
(16.8000),
(14.2857),
(20.6667),
(14.2941),
(17.3333),
(25.6667),
(21.2778),
(19.5000),
(23.5000),
(16.4286),
(13.6667),
(23.5000),
(17.9000),
(15.4000),
(18.0000),
(16.5000),
(28.0000),
(18.5455),
(11.3333),
(15.0000),
(31.0000),
(16.0000),
(14.0000),
(8.0000),
(13.8571),
(13.0000),
(19.0000),
(21.4286),
(19.3333),
(17.5472),
(20.3571),
(25.0000),
(19.5417),
(14.1000),
(20.4000),
(20.0000),
(18.8039),
(15.6000),
(19.0000),
(16.2500),
(17.4118),
(15.1667),
(9.6667),
(29.0000),
(15.2653),
(19.3529),
(19.6000),
(14.0000),
(18.0000),
(20.3000),
(18.3095),
(13.7000),
(14.0000),
(13.0000),
(21.0000),
(16.5385),
(22.2222),
(14.0000),
(17.8621),
(13.6000),
(15.0000),
(17.8710),
(17.0000),
(17.5652),
(17.2857),
(15.6667),
(8.0000),
(16.5667),
(18.0000),
(19.0000),
(15.8621),
(20.0000),
(16.8621),
(18.1429),
(14.3333),
(15.0000),
(15.4667),
(19.6667),
(5.0000),
(8.0000),
(17.8333),
(21.5000),
(16.0000),
(20.2857),
(18.0000),
(18.0000),
(20.9333),
(21.0000),
(18.6667),
(11.3333),
(10.0000),
(17.9286),
(16.5000),
(21.0000),
(16.0000),
(6.0000),
(18.8125),
(15.5000),
(14.0000),
(30.0000),
(15.9394),
(25.1667),
(16.6757),
(20.0909),
(17.5000),
(11.0000),
(16.4375),
(17.6000),
(23.6667),
(16.9000),
(20.7500),
(25.3333),
(18.0303),
(22.8750),
(28.0000),
(17.1111),
(18.5714),
(11.0000),
(18.4706),
(14.0000),
(9.0000),
(18.0000),
(18.5714),
(14.8000),
(28.5000),
(18.8750),
(16.8571),
(18.0000),
(19.6316),
(22.6000),
(16.5000),
(13.0000),
(33.0000),
(21.2609),
(19.0000),
(15.4211),
(19.5000),
(29.0000),
(17.4762),
(20.6667),
(14.7273),
(15.3333),
(24.0000),
(18.1250),
(15.8333),
(12.0000),
(29.0000),
(16.6800),
(13.3750),
(18.3333),
(17.3571),
(20.0000),
(31.0000),
(22.5000),
(16.6667),
(17.2222),
(30.0000),
(17.5833),
(22.0000),
(18.0000),
(11.3000),
(14.2000),
(31.0000),
(16.4857),
(23.0000),
(8.0000),
(21.0000),
(16.9737),
(17.5833),
(26.0000),
(17.7500),
(16.5556),
(18.6667),
(20.0000),
(16.1250),
(16.0000),
(21.2222),
(25.0000),
(16.7027),
(19.2000),
(21.4857),
(20.6667),
(27.0000),
(17.8378),
(21.7143),
(17.6333),
(17.3750),
(20.3333),
(20.6364),
(23.5000),
(3.0000),
(27.0000),
(20.0345),
(12.8000),
(27.5000),
(16.6296),
(15.4286),
(18.5000),
(29.0000),
(18.4643),
(17.5000),
(26.0000),
(18.6667),
(9.0000),
(27.0000),
(16.3571),
(21.1250),
(18.0000),
(16.3478),
(21.2000),
(19.0000),
(14.5000),
(23.0000),
(19.6471),
(19.4286),
(27.0000),
(18.3023),
(17.2500),
(12.5000),
(20.3429),
(19.3333),
(21.0000),
(24.0000),
(18.8000),
(21.0000),
(19.6486),
(19.4545),
(29.0000),
(16.4242),
(13.9286),
(26.1667),
(18.7949),
(16.0000),
(20.6667),
(13.0000),
(17.5641),
(20.5000),
(27.5000),
(17.4375),
(18.2222),
(23.0357),
(31.0000),
(19.5625),
(16.6000),
(20.0000),
(17.7813),
(14.5000),
(8.0000),
(4.0000),
(17.7429),
(15.2857),
(21.7500),
(31.0000),
(15.8182),
(18.5385),
(9.7500),
(10.5000),
(17.0000),
(19.4815),
(15.0000),
(12.5000),
(28.0000),
(17.8276),
(16.0000),
(20.0000),
(17.0435),
(19.1667),
(16.0000),
(19.6667),
(15.0000),
(14.8824),
(12.0000),
(17.0000),
(30.0000),
(20.0769),
(10.6667),
(24.0000),
(23.8889),
(14.4706),
(18.8571),
(20.0000),
(13.0000),
(3.0000),
(18.6111),
(20.7500),
(25.0000),
(18.1250),
(17.0000),
(9.0000),
(20.5000),
(19.9167),
(18.8750),
(8.0000),
(21.5000),
(17.0000),
(20.3333),
(8.0000),
(20.0000),
(16.3784),
(23.0000),
(17.7097),
(15.7500),
(15.5000),
(31.0000),
(15.9048),
(20.0000),
(25.0000),
(17.2308),
(24.3333),
(17.8276),
(16.8333),
(19.2593),
(18.3750),
(19.8400),
(6.8000),
(28.0000),
(19.2273),
(13.6000),
(27.0000),
(18.1600),
(18.6667),
(16.0000),
(18.0000),
(19.8750),
(12.6667),
(6.0000),
(23.0000),
(21.0000),
(13.0000),
(18.0000),
(13.2500),
(16.0000),
(33.0000),
(14.8889),
(16.0000),
(14.0000),
(25.0000),
(19.0769),
(17.0000),
(20.1250),
(15.6667),
(20.0000),
(17.4444),
(12.0000),
(17.8333),
(24.0000),
(15.5926),
(26.0000),
(10.0000),
(7.0000),
(14.8065),
(16.8889),
(13.0000),
(19.5588),
(14.1000),
(11.5000),
(20.5000),
(18.0000),
(14.2727),
(15.0000),
(25.5000),
(16.5135),
(18.0000),
(18.0500),
(20.6667),
(4.0000),
(10.0000),
(16.4667),
(16.1429),
(17.6667),
(15.8824),
(12.4167),
(20.4000),
(17.9000),
(19.5000),
(8.0000),
(18.4000),
(16.5714),
(18.0000),
(17.7500),
(10.5000),
(6.0000),
(17.0000),
(16.5185),
(15.5000),
(22.0000),
(21.0000),
(19.1905),
(19.0000),
(31.0000),
(15.8000),
(18.2500),
(23.0000),
(20.3077),
(17.3333),
(20.3636),
(20.5000),
(30.0000),
(16.0909),
(13.0000),
(7.0000),
(19.0714),
(24.2500),
(16.6667),
(8.0000),
(24.0000),
(18.0000),
(8.2000),
(14.5000),
(14.9756),
(22.0000),
(16.0000),
(31.0000),
(19.6129),
(13.7500),
(17.0000),
(23.0000),
(19.5714),
(12.7143),
(13.0000),
(15.6765),
(19.0000),
(3.0000),
(18.2000),
(13.6000),
(22.0000),
(20.5313),
(19.1429),
(5.0000),
(17.9000),
(14.7143),
(18.8000),
(18.1250),
(17.2500),
(17.5000),
(18.9130),
(17.2500),
(21.2105),
(18.5000),
(11.0000),
(15.0000),
(25.0000),
(18.0800),
(20.0000),
(18.7308),
(18.0000),
(16.0000),
(20.7368),
(17.8000),
(12.0000),
(9.0000),
(30.0000),
(19.3333),
(12.0000),
(21.0000),
(23.0000),
(14.3333),
(15.0000),
(16.5000),
(28.0000),
(18.4167),
(11.5000),
(25.0000),
(18.1538),
(11.3333),
(23.0000),
(16.2143),
(17.1429),
(10.7500),
(15.6667),
(15.0000),
(11.6667),
(17.0000),
(17.6667),
(19.5000),
(32.0000),
(19.4545),
(22.2500),
(18.0000),
(12.2500),
(28.0000),
(17.1739),
(20.0000),
(28.0000),
(21.5200),
(11.6000),
(15.6667),
(16.6552),
(15.5000),
(15.5000),
(15.3333),
(14.8000),
(8.0000),
(19.0000),
(16.6897),
(18.2500),
(21.0000),
(21.1852),
(22.7500),
(17.0526),
(19.7143),
(27.0000),
(18.2353),
(21.3333),
(17.6667),
(22.7500),
(18.3846),
(14.2500),
(33.0000),
(19.6000),
(15.3333),
(18.7500),
(24.5000),
(15.0588),
(17.3636),
(7.0000),
(18.4286),
(13.5000),
(17.0000),
(18.0000),
(19.7407),
(18.7500),
(15.5000),
(21.0000),
(16.9412),
(20.0000),
(26.0000),
(15.9512),
(18.2308),
(16.6000),
(8.0000),
(33.0000),
(17.7391),
(19.0000),
(17.0000),
(14.5185),
(17.8000),
(11.0000),
(15.9333),
(17.7500),
(17.7778),
(16.6667),
(10.4000),
(18.0000),
(25.0000),
(14.6250),
(19.5000),
(9.0000),
(19.2000),
(14.5000),
(13.0000),
(4.0000),
(16.0000),
(16.5789),
(18.0000),
(18.5000),
(5.0000),
(7.0000),
(19.6364),
(16.2500),
(20.5000),
(30.0000),
(17.7647),
(14.6000),
(15.0000),
(12.3684),
(20.2857),
(21.0000),
(24.0000),
(16.7600),
(13.1000),
(13.2500),
(21.0000),
(16.5946),
(19.6364),
(19.2000),
(22.0000),
(17.7027),
(17.7500),
(24.0000),
(17.5405),
(18.0000),
(15.7500),
(9.0000),
(17.3143),
(21.2857),
(19.3256),
(18.6667),
(25.0000),
(18.4848),
(20.7143),
(32.0000),
(22.1923),
(7.0000),
(17.0000),
(6.0000),
(11.0000),
(16.8462),
(17.5000),
(15.3333),
(11.5000),
(31.0000),
(18.2609),
(12.4000),
(18.5000),
(16.0000),
(17.0714),
(15.0000),
(13.3333),
(18.3600),
(17.2857),
(13.5000),
(10.0000),
(17.8148),
(16.5000),
(24.0000),
(17.5333),
(17.7143),
(25.0000),
(16.6400),
(13.7500),
(14.0000),
(17.9643),
(13.8750),
(18.5000),
(6.0000),
(28.0000),
(17.5909),
(24.7500),
(18.0417),
(14.4286),
(29.0000),
(20.0000),
(18.7143),
(15.3333),
(15.6250),
(10.6667),
(30.0000),
(18.7813),
(19.6000),
(27.0000),
(18.4211),
(17.2500),
(11.0000),
(8.0000),
(27.0000),
(19.8889),
(13.5000),
(23.0000),
(16.3750),
(22.4000),
(17.3889),
(22.2000),
(16.6111),
(12.6667),
(12.0000),
(30.0000),
(17.7647),
(10.6667),
(16.0000),
(20.0455),
(8.2500),
(25.0000),
(22.4643),
(16.6667),
(14.0000),
(20.8571),
(12.0000),
(12.5000),
(18.5000),
(5.0000),
(18.1765),
(20.4545),
(17.3333),
(20.0000),
(32.0000),
(15.2632),
(25.8000),
(21.1613),
(23.0000),
(18.5000),
(14.0000),
(16.3889),
(23.8000),
(17.3636),
(23.5000),
(17.4737),
(21.1667),
(29.0000),
(19.3043),
(9.4000),
(19.6667),
(16.0556),
(16.3333),
(22.0000),
(18.4412),
(21.0714),
(24.5000),
(17.5926),
(23.2500),
(19.1111),
(15.2857),
(17.0000),
(27.5000),
(19.9524),
(15.3333),
(18.0833),
(14.2500),
(20.0000),
(20.8125),
(17.0000),
(28.0000),
(16.6111),
(19.0000),
(20.0714),
(13.0000),
(18.0000),
(19.4000),
(15.0000),
(16.7273),
(18.0000),
(15.5000),
(20.6429),
(25.3333),
(16.8500),
(19.0000),
(26.0000),
(16.7368),
(13.0000),
(18.0000),
(23.4286),
(18.5455),
(21.5000),
(4.0000),
(16.0000),
(17.0000),
(17.7500),
(15.3333),
(25.0000),
(15.6250),
(24.0000),
(19.9231),
(6.0000),
(22.6667),
(17.1250),
(23.3333),
(24.0000),
(17.1786),
(13.4000),
(18.4000),
(23.0000),
(19.5000),
(19.1250),
(33.0000),
(18.0667),
(19.7500),
(15.0000),
(17.0000),
(17.9667),
(19.0000),
(15.0000),
(19.0000),
(17.0000),
(19.2727),
(18.0000),
(21.4783),
(17.0000),
(19.7059),
(21.3333),
(16.9048),
(12.6667),
(21.2632),
(23.5000),
(21.1667),
(20.3333),
(17.1053),
(13.8000),
(8.0000),
(19.1818),
(18.6667),
(11.0000),
(28.0000),
(22.1667),
(16.3333),
(27.0000),
(19.4783),
(24.0000),
(19.1818),
(11.0000),
(10.0000),
(14.0000),
(11.0000),
(17.1000),
(23.5000),
(17.6667),
(17.0000),
(20.0000),
(23.2500),
(16.7000),
(16.6667),
(25.0000),
(8.0000),
(13.0000),
(16.3000),
(8.5000),
(23.0000),
(20.3846),
(24.0000),
(16.6667),
(12.6667),
(12.0000),
(19.0000),
(17.4063),
(15.0000),
(15.0000),
(17.4412),
(18.8889),
(16.0000),
(17.5556),
(12.6667),
(13.5000),
(17.3333),
(21.2857),
(26.5000),
(17.5161),
(18.4545),
(3.0000),
(24.0000),
(14.8947),
(19.2500),
(18.0000),
(16.6957),
(17.5000),
(10.5000),
(25.5000),
(19.3913),
(25.6000),
(18.0000),
(20.7647),
(26.5000),
(18.4583),
(23.1250),
(17.6522),
(20.7143),
(29.0000),
(17.8649),
(19.1429),
(19.0000),
(19.1316),
(20.3750),
(6.0000),
(19.8974),
(16.3333),
(9.0000),
(25.0000),
(18.4103),
(20.6250),
(15.0000),
(27.0000),
(17.8250),
(17.8462),
(15.0000),
(21.4242),
(16.1250),
(14.5000),
(15.8824),
(16.6364),
(25.0000),
(19.1176),
(11.5000),
(26.0000),
(22.0000),
(19.2000),
(15.0000),
(11.0000),
(18.5217),
(16.0000),
(16.0833),
(20.1429),
(14.0000),
(18.7619),
(20.2000),
(19.9167),
(16.7500),
(16.5000),
(18.4091),
(18.6667),
(23.0000),
(16.6667),
(28.6667),
(19.5000),
(17.7143),
(14.0000),
(17.4167),
(21.2857),
(30.0000),
(16.5263),
(21.4545),
(18.0000),
(17.6552),
(17.2000),
(7.0000),
(29.0000),
(18.8611),
(19.5000),
(19.0000),
(16.7576),
(20.4444),
(16.0000),
(14.0000),
(25.0000),
(18.2581),
(15.6000),
(20.1143),
(21.0000),
(20.0000),
(20.1290),
(18.0000),
(27.5000),
(20.0000),
(23.1667),
(22.5625),
(20.0000),
(18.1905),
(18.0000),
(27.5000),
(16.7500),
(19.8333),
(22.0000),
(19.6667),
(20.8333),
(15.0000),
(29.0000),
(18.7727),
(16.5000),
(21.0000),
(17.4000),
(16.0000),
(23.5000),
(20.5789),
(22.7500),
(15.0000),
(20.1667),
(17.0769),
(21.0000),
(10.0000),
(21.0833),
(16.0000),
(10.0000),
(26.0000),
(20.8000),
(11.5000),
(7.0000),
(12.0000),
(18.5882),
(17.2000),
(23.6667),
(26.0000),
(18.5833),
(20.5000),
(33.0000),
(14.4286),
(10.0000),
(18.0000),
(14.3636),
(12.0000),
(8.0000),
(18.0000),
(17.2143),
(10.7500),
(10.7500),
(22.5000),
(18.4857),
(21.4545),
(25.0000),
(16.9063),
(17.6000),
(16.4643),
(18.8000),
(19.0000),
(15.0000),
(19.0313),
(18.3333),
(17.3333),
(11.0000),
(14.0000),
(20.0526),
(3.0000),
(21.6111),
(21.0000),
(26.0000),
(17.6000),
(19.2500),
(16.1250),
(23.5714),
(15.2222),
(24.4286),
(24.0000),
(15.7857),
(23.7143),
(16.2308),
(21.5000),
(27.0000),
(17.8667),
(16.0000),
(21.9231),
(20.2727),
(24.0000),
(17.5000),
(17.4167),
(17.0000),
(18.0000),
(17.6667),
(22.0000),
(19.5758),
(11.6667),
(15.5000),
(24.0000),
(19.8125),
(15.1667),
(19.7241),
(13.3333),
(13.5000),
(26.0000),
(20.1852),
(20.6667),
(6.0000),
(17.9730),
(12.5000),
(10.5000),
(20.0000),
(18.7500),
(18.1667),
(13.0000),
(17.2143),
(21.8000),
(15.2857),
(13.3000),
(20.0000),
(19.1034),
(20.1667),
(23.1176),
(27.0000),
(17.0000),
(28.0000),
(11.1250),
(19.6667),
(20.1818),
(20.0000),
(7.0000),
(33.0000),
(18.7619),
(18.6667),
(19.0000),
(20.2857),
(18.8000),
(8.0000),
(11.0000),
(30.0000),
(19.8571),
(16.0000),
(15.7692),
(15.4000),
(11.0000),
(5.0000),
(5.0000),
(19.3333),
(10.0000),
(5.0000),
(13.0000),
(32.0000),
(17.5833),
(21.6667),
(19.2000),
(9.0000),
(13.0000),
(17.0000),
(14.0000),
(5.0000),
(22.2000),
(18.2500),
(5.0000),
(20.5000),
(18.0000),
(15.7333),
(19.7500),
(18.1724),
(22.7500),
(31.0000),
(16.1739),
(15.0000),
(16.4138),
(17.5000),
(7.5000),
(19.6111),
(19.0000),
(21.0000),
(16.3000),
(20.5000),
(24.0000),
(17.6875),
(17.6667),
(16.4583),
(15.3333),
(25.0000),
(20.2632),
(8.5000),
(6.0000),
(22.0000),
(17.5625),
(21.6667),
(16.0000),
(7.0000),
(6.0000),
(18.0526),
(22.8000),
(20.2500),
(19.2000),
(22.0000),
(15.7273),
(11.0000),
(29.0000),
(13.9000),
(22.2000),
(14.0000),
(14.6667),
(8.0000),
(12.6000),
(12.3333),
(19.3000),
(32.0000),
(17.8750),
(20.0000),
(20.6667),
(31.0000),
(11.5556),
(17.6667),
(14.0000),
(19.8000),
(15.3333),
(5.0000),
(28.0000),
(17.7353),
(12.5000),
(18.0000),
(3.0000),
(19.2727),
(21.9000),
(16.0000),
(16.0968),
(12.5000),
(19.5000),
(22.0000),
(13.8065),
(19.3333),
(26.0000),
(18.9091),
(13.5000),
(12.3333),
(33.0000),
(16.3784),
(19.7692),
(22.0000),
(19.6176),
(21.2000),
(20.0000),
(21.4706),
(19.2500),
(13.5000),
(24.5000),
(19.9091),
(6.0000),
(17.5000),
(30.0000),
(18.6154),
(17.5000),
(29.0000),
(16.3478),
(19.5714),
(16.7895),
(20.2000),
(18.5581),
(20.0000),
(16.0000),
(20.4615),
(19.6667),
(3.0000),
(16.2857),
(24.7500),
(22.0000),
(20.8824),
(14.0000),
(29.5000),
(15.8235),
(17.0000),
(17.0000),
(24.0000),
(19.4872),
(12.5000),
(16.5000),
(15.0000),
(33.0000),
(16.8276),
(16.1818),
(10.6667),
(5.0000),
(26.0000),
(18.5758),
(17.2500),
(26.5000),
(18.2069),
(18.4444),
(16.5000),
(27.0000),
(17.6000),
(22.1250),
(26.0000),
(15.5217),
(14.0000),
(32.0000),
(20.3200),
(13.2000),
(20.0000),
(18.5417),
(20.1111),
(27.0000),
(17.4286),
(13.6000),
(22.0000),
(17.4762),
(19.8000),
(12.5000),
(19.2632),
(14.5000),
(11.0000),
(28.0000),
(17.1212),
(21.2500),
(14.0000),
(27.0000),
(18.5641),
(16.5556),
(20.5000),
(18.0000),
(21.7500),
(3.0000),
(19.3514),
(22.0000),
(12.5000),
(16.5000),
(15.0000),
(18.1563),
(14.1667),
(28.0000),
(16.1212),
(18.5714),
(16.3571),
(16.0000),
(19.3333),
(14.8485),
(15.2308),
(23.6667),
(7.0000),
(17.6667),
(12.2000),
(14.3333),
(17.2667),
(20.5000),
(19.0000),
(15.8750),
(17.2500),
(18.6667),
(11.0000),
(8.0000),
(18.1667),
(23.0000),
(13.8235),
(12.8571),
(17.0000),
(17.5000),
(15.1739),
(26.0000),
(20.9474),
(17.0000),
(17.0000),
(29.0000),
(14.0000),
(22.0000),
(8.0000),
(18.9167),
(23.0000),
(4.0000),
(17.4286),
(16.0000),
(21.3333),
(23.0000),
(18.0000),
(22.0000),
(12.8750),
(23.2000),
(16.1563),
(18.6667),
(6.0000),
(17.7576),
(18.4286),
(20.0000),
(17.9063),
(20.3750),
(29.0000),
(18.0313),
(16.2500),
(30.0000),
(18.6364),
(19.6000),
(18.4063),
(14.2857),
(14.0000),
(15.0000),
(19.2857),
(15.1429),
(10.5000),
(25.0000),
(20.1111),
(21.4000),
(20.6818),
(18.7500),
(31.0000),
(19.1364),
(14.6000),
(24.0000),
(17.8182),
(26.4000),
(24.0000),
(15.4500),
(19.0000),
(19.0000),
(19.5667),
(16.7143),
(14.0000),
(30.0000),
(20.8095),
(15.0000),
(31.0000),
(21.6000),
(22.0000),
(15.8889),
(19.7500),
(17.0000),
(14.8750),
(14.3333),
(17.0000),
(15.0000),
(20.0000),
(20.2500),
(17.2857),
(13.0000),
(28.0000),
(13.8750),
(20.3333),
(16.3000),
(18.0000),
(21.2857),
(13.9091),
(16.8000),
(13.0000),
(28.0000),
(19.9655),
(14.8333),
(24.5000),
(21.2000),
(20.7500),
(18.0000),
(17.5556),
(19.2500),
(14.0000),
(20.0000),
(16.3077),
(18.4286),
(10.0000),
(19.8000),
(20.4000),
(25.5000),
(16.0000),
(14.6250),
(27.3333),
(22.7857),
(20.0000),
(18.6429),
(19.6667),
(20.2727),
(17.0000),
(20.0000),
(16.0000),
(19.0000),
(16.2143),
(21.4000),
(3.0000),
(18.4286),
(13.6000),
(28.5000),
(20.3750),
(25.0000),
(15.0000),
(20.5000),
(13.7143),
(23.0000),
(15.2222),
(17.0000),
(8.5000),
(22.0000),
(17.8333),
(3.0000),
(16.2000),
(14.3333),
(17.0000),
(33.0000),
(22.2857),
(18.0000),
(19.8333),
(24.0000),
(18.4000),
(9.0000),
(19.7045),
(9.3333),
(20.0000),
(29.0000),
(17.1905),
(20.3750),
(15.6744),
(16.2222),
(22.6667),
(17.0000),
(24.0000),
(18.3636),
(19.7500),
(30.0000),
(16.8649),
(16.7273),
(20.5000),
(19.0000),
(17.0000),
(19.4054),
(24.8000),
(16.5588),
(21.6364),
(10.0000),
(14.0000),
(17.5366),
(13.2500),
(18.2500),
(32.0000),
(16.9737),
(15.5000),
(18.7500),
(10.0000),
(6.0000),
(16.6538),
(13.3333),
(22.6667),
(3.0000),
(26.0000),
(17.6400),
(16.1111),
(19.0000),
(19.3200),
(18.4286),
(25.0000),
(18.2381),
(19.6667),
(17.3500),
(9.0000),
(19.0000),
(17.5000),
(18.3333),
(8.0000),
(15.2143),
(11.5000),
(17.1111),
(24.6667),
(20.6250),
(7.0000),
(19.5556),
(19.0000),
(31.0000),
(19.5000),
(16.0000),
(5.0000),
(18.9737),
(23.2857),
(33.0000),
(17.7436),
(13.7778),
(23.6667),
(18.6667),
(18.7143),
(25.0000),
(18.9744),
(17.2500),
(7.0000),
(19.5128),
(18.5556),
(7.0000),
(10.0000),
(19.0000),
(17.2391),
(19.7333),
(4.0000),
(5.0000),
(19.0909),
(14.9231),
(18.2000),
(25.0000),
(16.7576),
(12.5714),
(16.2500),
(27.0000),
(17.2778),
(21.5455),
(9.0000),
(32.0000),
(21.2500),
(13.0000),
(19.0000),
(15.0000),
(14.3333),
(20.3750),
(19.0000),
(18.6190),
(16.1000),
(10.0000),
(4.0000),
(20.6316),
(21.2000),
(22.5000),
(20.7000),
(19.0000),
(25.4000),
(19.2857),
(22.0000),
(30.0000),
(14.0000),
(17.5000),
(25.0000),
(19.0000),
(12.8000),
(10.5000),
(22.0000),
(18.5714),
(11.0000),
(9.6667),
(5.0000),
(33.0000),
(19.0000),
(27.0000),
(13.3333),
(11.0000),
(18.2000),
(17.5714),
(20.0000),
(17.0000),
(19.1111),
(12.5000),
(19.6667),
(18.8519),
(24.5714),
(18.0286),
(15.3750),
(23.0000),
(17.6071),
(12.8750),
(13.7500),
(20.0000),
(22.0000),
(18.1000),
(14.4000),
(25.0000),
(19.3704),
(11.7500),
(28.0000),
(20.4615),
(13.0000),
(19.8929),
(21.1667),
(24.0000),
(20.2609),
(21.8000),
(28.0000),
(19.1304),
(16.4000),
(32.0000),
(16.3810),
(24.5000),
(14.0000),
(12.3750),
(11.2000),
(22.5000),
(19.5294),
(17.0000),
(29.0000),
(18.6190),
(18.0000),
(20.0000),
(14.7000),
(8.7500),
(20.0000),
(17.3750),
(15.0000),
(19.3750),
(8.0000),
(22.0000),
(18.5714),
(27.0000),
(16.7857),
(27.5000),
(17.4000),
(22.0000),
(18.5333),
(14.3333),
(18.2000),
(14.5000),
(16.5758),
(15.3333),
(18.6667),
(24.0000),
(17.4857),
(18.8571),
(11.5000),
(6.0000),
(30.0000),
(14.9024),
(22.4615),
(15.3333),
(22.0000),
(18.5833),
(21.7273),
(27.0000),
(16.5758),
(21.7500),
(22.0000),
(18.3077),
(14.8750),
(16.0000),
(18.9143),
(16.0000),
(19.0000),
(16.0968),
(20.2500),
(17.5789),
(18.6364),
(9.5000),
(26.0000),
(18.7692),
(21.1429),
(12.0000),
(19.5000),
(15.1600),
(16.8333),
(11.8000),
(22.5000),
(25.0000),
(18.2400),
(24.2500),
(18.6538),
(21.8571),
(14.0000),
(19.8462),
(21.5714),
(3.0000),
(18.0370),
(12.4000),
(14.0000),
(24.0000),
(16.6667),
(20.8889),
(23.0000),
(18.6087),
(16.5000),
(33.0000),
(18.7619),
(19.2000),
(17.0000),
(27.0000),
(18.4000),
(14.7500),
(24.3333),
(14.0526),
(19.6429),
(17.3333),
(4.0000),
(16.0000),
(19.0909),
(17.0000),
(18.5000),
(19.0000),
(20.0333),
(19.4000),
(31.0000),
(18.1613),
(20.6667),
(13.5000),
(18.5000),
(17.0870),
(21.1667),
(11.7391),
(19.5000),
(6.0000),
(22.0000),
(15.6957),
(19.4000),
(17.5000),
(18.7500),
(23.2000),
(5.0000),
(30.0000),
(17.9524),
(13.2000),
(24.5000),
(20.8421),
(17.0000),
(20.0000),
(24.3333),
(11.7500),
(24.0000),
(13.5000),
(13.6000),
(29.0000),
(10.7500),
(9.0000),
(13.0000),
(17.6667),
(12.0000),
(17.9091),
(9.3333),
(30.5000),
(14.8571),
(9.3333),
(24.5000),
(4.0000),
(21.8000),
(27.0000),
(16.8621),
(16.5714),
(22.3333),
(20.6571),
(23.7500),
(17.0000),
(23.0000),
(16.7209),
(19.9000),
(9.0000),
(16.8421),
(24.1250),
(18.0000),
(19.7750),
(21.2000),
(19.0000),
(19.5313),
(8.5000),
(18.0000),
(17.4615),
(16.8667),
(20.5000),
(15.0000),
(17.9730),
(19.5000),
(13.0000),
(27.0000),
(17.9091),
(18.5000),
(15.5000),
(17.5909),
(21.0000),
(16.5833),
(17.7500),
(10.0000),
(18.7692),
(11.1429),
(19.7500),
(20.0000),
(20.3333),
(21.8333),
(18.2121),
(22.6667),
(29.0000),
(15.7000),
(19.5000),
(20.5882),
(21.5000),
(15.5333),
(19.5714),
(20.0000),
(16.9286),
(20.4000),
(3.0000),
(18.0000),
(16.3333),
(19.2857),
(16.3077),
(13.0000),
(18.3214),
(13.5000),
(29.0000),
(19.0645),
(14.7500),
(22.0000),
(18.0000),
(16.7917),
(19.6250),
(23.0000),
(18.5185),
(22.8889),
(27.0000),
(20.3200),
(15.0000),
(15.4074),
(18.2500),
(21.6000),
(20.0000),
(16.8438),
(15.1667),
(12.0000),
(28.0000),
(16.5000),
(20.2000),
(16.0000),
(20.4286),
(25.0000),
(19.6500),
(15.5000),
(6.0000),
(15.6316),
(17.0000),
(27.0000),
(17.9375),
(12.2500),
(17.5000),
(15.8333),
(16.2000),
(20.3571),
(27.5000),
(16.6667),
(12.6667),
(10.0000),
(12.2000),
(10.0000),
(14.1667),
(27.0000),
(16.0000),
(10.0000),
(19.0000),
(23.5000),
(13.0000),
(5.0000),
(13.0000),
(16.0000),
(15.5000),
(19.0000),
(16.3750),
(16.5000),
(24.0000),
(18.1389),
(19.6154),
(11.7500),
(13.0000),
(18.2857),
(17.0000),
(15.8000),
(12.6000),
(32.0000),
(15.9773),
(17.8462),
(22.3333),
(4.0000),
(16.1556),
(17.2727),
(16.0000),
(12.2500),
(28.0000),
(21.8333),
(14.5000),
(15.5600),
(17.1429),
(9.5000),
(7.0000),
(18.1538),
(21.5000),
(18.5000),
(19.0000),
(19.2500),
(13.0000),
(28.0000),
(19.9615),
(17.4000),
(23.5000),
(18.0000),
(16.7241),
(21.2500),
(22.5000),
(20.0000),
(15.6667),
(17.2500),
(18.5000),
(17.0870),
(13.2500),
(21.0000),
(11.0000),
(5.0000),
(15.2000),
(15.6000),
(29.6667),
(18.3000),
(20.3333),
(19.4118),
(19.2353),
(19.0000),
(17.0000),
(9.0000),
(15.3333),
(23.0000),
(21.0000),
(17.0000),
(6.0000),
(22.2500),
(18.1538),
(24.5000),
(17.2143),
(14.5000),
(17.0000),
(15.0000),
(16.8077),
(16.0000),
(9.0000),
(18.4063),
(21.0000),
(16.0000),
(21.0000),
(13.8919),
(18.1176),
(17.2500),
(29.0000),
(16.2353),
(13.7143),
(18.3333),
(18.5429),
(14.6250),
(21.0000),
(20.4400),
(20.2000),
(14.0000),
(7.0000),
(7.0000),
(16.5000),
(13.6667),
(16.5000),
(6.0000),
(14.6000),
(15.0000),
(27.0000),
(16.4091),
(18.1250),
(23.5000),
(18.2857),
(17.8333),
(16.7500),
(15.2000),
(24.0000),
(16.7391),
(18.3333),
(16.5833),
(14.9000),
(11.5000),
(26.5000),
(15.1905),
(22.0000),
(24.0000),
(18.3333),
(14.0000),
(18.0000),
(21.0333),
(20.6667),
(18.5217),
(19.8750),
(7.0000),
(23.0000),
(16.3103),
(13.4000),
(30.0000),
(18.6923),
(16.4444),
(14.0000),
(10.0000),
(13.5000),
(17.5111),
(14.0000),
(18.6667),
(27.0000),
(20.1818),
(24.6667),
(17.3600),
(19.8750),
(30.5000),
(18.6364),
(23.5000),
(20.0000),
(18.0526),
(20.7500),
(16.0000),
(20.9600),
(27.0000),
(16.6000),
(14.3333),
(21.7500),
(15.0000),
(18.6667),
(18.2500),
(19.2000),
(18.0476),
(21.8000),
(10.0000),
(19.4444),
(22.7500),
(21.0000),
(18.5769),
(22.5714),
(18.9524),
(18.8333),
(14.5000),
(19.3889),
(26.0000),
(14.3684),
(12.6000),
(14.0000),
(15.0000),
(20.2917),
(14.8000),
(17.5000),
(17.2778),
(25.5000),
(19.0000),
(20.8421),
(9.5000),
(10.0000),
(23.0000),
(17.6316),
(18.2222),
(16.5000),
(28.0000),
(17.6842),
(13.8571),
(15.2500),
(23.0000),
(16.7333),
(29.0000),
(20.0500),
(14.5000),
(18.5263),
(15.3750),
(25.0000),
(15.0000),
(27.0000),
(16.1250),
(19.7500),
(16.8235),
(8.6667),
(21.0000),
(17.5263),
(16.0000),
(22.0000),
(15.1667),
(15.5714),
(24.0000),
(20.1111),
(20.5000),
(19.0000),
(16.8261),
(14.0000),
(16.6000),
(9.3333),
(17.3250),
(17.0000),
(14.6667),
(9.0000),
(30.0000),
(19.1935),
(21.8750),
(24.0000),
(18.9091),
(19.8182),
(22.0000),
(18.6563),
(23.1667),
(16.6053),
(22.8571),
(8.5000),
(18.8205),
(12.4000),
(20.0000),
(21.8485),
(19.4444),
(10.5000),
(28.0000),
(17.3333),
(19.7500),
(12.3333),
(8.0000),
(19.2692),
(22.0000),
(14.5000),
(26.0000),
(17.6667),
(20.4286),
(17.7273),
(21.8571),
(25.5000),
(19.1739),
(15.4286),
(16.6818),
(24.0000),
(13.0000),
(16.5417),
(16.2222),
(9.6000),
(24.0000),
(17.0625),
(21.5714),
(17.0000),
(17.4118),
(21.6000),
(17.5000),
(4.0000),
(17.2000),
(21.2727),
(17.0000),
(19.0000),
(19.5294),
(23.5000),
(19.9697),
(21.5714),
(5.0000),
(23.0000),
(16.9167),
(20.6154),
(20.0000),
(19.6786),
(17.0000),
(15.0000),
(25.0000),
(17.1000),
(18.5714),
(18.0000),
(20.0000),
(18.4000),
(15.0000),
(18.5652),
(19.2000),
(33.0000),
(17.2667),
(17.2222),
(8.0000),
(16.6923),
(16.5000),
(17.6667),
(19.5833),
(18.2857),
(18.0000),
(15.1667),
(16.0000),
(18.0000),
(13.9091),
(15.3333),
(9.5000),
(19.4615),
(20.8000),
(3.0000),
(28.0000),
(17.9375),
(19.0000),
(23.3333),
(14.0000),
(18.8000),
(19.6667),
(19.3636),
(19.3333),
(13.7500),
(16.1667),
(27.0000),
(15.9167),
(20.6667),
(16.3571),
(17.7143),
(32.0000),
(17.6129),
(8.5000),
(19.7500),
(26.5000),
(19.3667),
(19.2500),
(18.6000),
(19.7500),
(18.3243),
(13.8889),
(26.5000),
(8.0000),
(17.3529),
(11.9000),
(17.0000),
(18.1429),
(13.1000),
(21.0000),
(19.3125),
(19.6667),
(11.0000),
(17.4074),
(16.8333),
(18.0000),
(13.5000),
(4.0000),
(19.5926),
(20.0000),
(17.7222),
(15.2000),
(25.0000),
(17.9643),
(17.8571),
(6.0000),
(18.8000),
(13.2000),
(24.0000),
(16.8214),
(14.3333),
(24.5000),
(18.1875),
(12.6667),
(16.0000),
(22.5000),
(20.0400),
(12.0000),
(30.0000),
(17.0714),
(18.8889),
(26.0000),
(17.8571),
(17.7500),
(27.0000),
(18.4054),
(18.7500),
(15.0000),
(26.0000),
(19.3600),
(26.0000),
(17.3600),
(15.4000),
(29.5000),
(17.0526),
(12.0000),
(11.3333),
(11.0000),
(15.7200),
(21.0000),
(25.0000),
(19.1923),
(19.2857),
(5.0000),
(18.2069),
(17.1250),
(17.6316),
(20.0000),
(20.0526),
(20.6667),
(20.1250),
(25.0000),
(17.2667),
(22.8333),
(16.8333),
(17.0000),
(10.0000),
(14.0000),
(7.0000),
(19.4583),
(18.0000),
(9.0000),
(14.0000),
(16.9565),
(20.1333),
(17.3333),
(22.5000),
(18.7838),
(17.1111),
(15.0000),
(20.0000),
(20.9722),
(18.3333),
(6.0000),
(17.0000),
(17.7297),
(18.5455),
(23.5000),
(25.0000),
(18.4595),
(20.5000),
(22.3333),
(21.0000),
(17.1500),
(21.6667),
(12.0000),
(17.6486),
(17.6667),
(22.5000),
(21.3235),
(13.0000),
(7.0000),
(19.9655),
(24.1667),
(26.0000),
(18.3704),
(15.8571),
(15.0000),
(16.2000),
(18.5556),
(6.2500),
(15.0000),
(14.5000),
(20.2857),
(24.6667),
(17.6000),
(20.5000),
(18.9459),
(21.8571),
(4.0000),
(19.4250),
(21.1250),
(19.5455),
(20.3750),
(3.0000),
(20.0000),
(18.7250),
(25.0000),
(19.3611),
(15.0000),
(27.0000),
(18.4848),
(15.6000),
(15.3333),
(21.0370),
(23.6000),
(9.0000),
(4.0000),
(18.0000),
(16.7692),
(17.7143),
(28.0000),
(18.3571),
(16.5556),
(24.3333),
(16.0370),
(21.8000),
(19.0000),
(19.1739),
(18.3333),
(21.0000),
(11.6667),
(15.6667),
(18.3636),
(17.6000),
(17.5000),
(20.0741),
(14.7500),
(22.5000),
(16.8214),
(20.2500),
(6.0000),
(18.5152),
(15.7778),
(22.0000),
(19.5000),
(15.8333),
(6.0000),
(17.7879),
(22.0000),
(10.0000),
(19.0455),
(21.2500),
(33.0000),
(17.8438),
(16.3000),
(13.5000),
(11.5000),
(8.0000),
(15.6111),
(12.0000),
(18.3000),
(20.7500),
(3.0000),
(18.5000),
(20.8333),
(21.5000),
(15.1429),
(20.6000),
(28.0000),
(19.9474),
(20.5000),
(29.0000),
(17.0500),
(7.6667),
(32.0000),
(16.8571),
(16.6667),
(20.1538),
(28.0000),
(17.2727),
(12.5000),
(19.0000),
(18.2308),
(16.0000),
(24.5000),
(17.8571),
(14.2500),
(23.4000),
(30.0000),
(20.2000),
(17.1190),
(15.8889),
(17.2500),
(18.0500),
(17.7143),
(26.0000),
(15.2553),
(20.1111),
(31.0000),
(18.2927),
(17.8000),
(5.5000),
(9.5000),
(6.0000),
(17.6341),
(16.8889),
(11.0000),
(20.0588),
(17.3333),
(13.0000),
(18.1500),
(18.7000),
(15.0000),
(15.0000),
(10.0000),
(18.0000),
(24.5000),
(24.5000),
(17.0833),
(15.8000),
(13.0000),
(12.0000),
(15.5909),
(20.0000),
(33.0000),
(16.3704),
(16.8750),
(33.0000),
(17.5909),
(14.5000),
(20.0000),
(21.7333),
(10.5000),
(22.3750),
(20.2500),
(32.0000),
(16.5714),
(20.8000),
(12.0000),
(14.0000),
(15.9286),
(16.2500),
(18.0000),
(27.0000),
(17.8182),
(7.6667),
(28.0000),
(16.3714),
(16.8000),
(17.2500),
(19.5333),
(21.6667),
(13.5000),
(23.0000),
(20.1463),
(19.1111),
(17.6667),
(18.8421),
(24.1000),
(17.9459),
(17.1111),
(31.0000),
(17.1714),
(18.6667),
(15.3333),
(10.5000),
(19.0000),
(17.9474),
(15.4286),
(23.5000),
(13.0000),
(24.0000),
(16.4545),
(18.2857),
(28.6667),
(17.3636),
(17.9000),
(11.0000),
(14.5000),
(27.0000),
(17.6000),
(15.6667),
(12.6667),
(19.5000),
(17.3529),
(17.5556),
(14.6667),
(23.5000),
(15.2857),
(16.2500),
(11.0000),
(14.8276),
(17.8000),
(21.6667),
(18.3077),
(17.2500),
(19.5000),
(16.8000),
(21.5714),
(4.0000),
(25.0000),
(22.6000),
(18.5000),
(16.7333),
(10.8000),
(20.5000),
(25.0000),
(14.0714),
(15.0000),
(10.0000),
(17.6154),
(16.8333),
(20.5000),
(22.4000),
(19.0000),
(18.5625),
(9.3333),
(18.5000),
(23.5000),
(18.3704),
(14.6667),
(3.0000),
(27.0000),
(17.3056),
(15.2500),
(17.0000),
(22.0000),
(16.9375),
(14.7000),
(23.0000),
(3.5000),
(15.0000),
(18.3714),
(16.3000),
(30.0000),
(19.3125),
(18.1667),
(4.0000),
(12.0000),
(22.0000),
(17.4444),
(15.0000),
(19.3333),
(30.0000),
(19.3171),
(21.0909),
(16.0000),
(17.2121),
(15.1667),
(14.0000),
(20.7500),
(29.3333),
(19.2963),
(18.9000),
(16.0000),
(18.6500),
(17.6667),
(29.0000),
(16.5556),
(10.0000),
(17.5000),
(16.6250),
(26.3333),
(18.5909),
(13.0000),
(19.6667),
(24.0000),
(20.6000),
(25.7143),
(20.7826),
(20.6667),
(16.0000),
(12.0000),
(15.0000),
(16.7632),
(14.3636),
(21.7143),
(4.0000),
(9.0000),
(20.3200),
(18.7500),
(18.0000),
(21.7143),
(17.0000),
(8.0000),
(13.0000),
(6.0000),
(18.2800),
(13.5000),
(15.0000),
(29.0000),
(17.2800),
(22.2222),
(8.0000),
(14.4286),
(17.8000),
(29.0000),
(18.5000),
(22.6000),
(29.5000),
(14.4500),
(23.7500),
(16.8696),
(9.0000),
(15.5000),
(18.0000),
(18.7778),
(15.2500),
(18.7143),
(23.0000),
(15.9355),
(23.2500),
(15.0000),
(17.3043),
(16.5000),
(24.3333),
(17.5217),
(16.5000),
(10.0000),
(19.1613),
(17.5000),
(20.2778),
(14.5000),
(17.0000),
(20.9630),
(16.6667),
(30.0000),
(14.5294),
(14.6667),
(13.0000),
(20.0000),
(22.2609),
(22.6000),
(18.7500),
(21.5000),
(5.0000),
(19.8947),
(19.3333),
(19.0000),
(19.3684),
(12.4000),
(15.6667),
(30.0000),
(17.0000),
(14.8750),
(18.5000),
(14.0000),
(16.4444),
(18.2727),
(16.5000),
(13.0000),
(9.0000),
(15.5814),
(15.0000),
(20.3333),
(21.0000),
(18.2000),
(19.9000),
(13.0000),
(18.8182),
(19.0000),
(13.0000),
(12.0000),
(19.8710),
(14.6667),
(18.7500),
(25.1667),
(24.0000),
(13.3571),
(15.1538),
(13.0000),
(18.8519),
(16.6667),
(9.0000),
(17.4286),
(13.8000),
(10.0000),
(11.0000),
(19.9565),
(18.0000),
(15.5000),
(16.0000),
(18.7778),
(11.5000),
(22.0000),
(18.9545),
(15.4286),
(13.6667),
(21.5641),
(21.8000),
(17.8750),
(17.2000),
(22.0000),
(17.9778),
(17.4000),
(14.0000),
(19.9524),
(16.9091),
(14.3333),
(21.0000),
(16.9688),
(16.3750),
(16.0000),
(17.0400),
(23.0000),
(18.0000),
(18.4815),
(17.0000),
(19.5000),
(14.0000),
(21.0000),
(18.3182),
(15.4000),
(20.0000),
(20.2500),
(20.6667),
(12.0000),
(11.0000),
(19.5357),
(16.2857),
(14.5000),
(11.0000),
(21.0000),
(3.0000),
(15.1739),
(19.1429),
(8.5000),
(3.0000),
(16.0000),
(16.7241),
(8.5000),
(3.0000),
(32.0000),
(17.8485),
(18.5000),
(30.5000),
(17.4138),
(20.8571),
(17.6667),
(20.2400),
(19.4000),
(20.5000),
(14.0000),
(19.0870),
(14.0000),
(19.0000),
(18.3913),
(16.2857),
(16.5000),
(17.5000),
(8.0000),
(17.8947),
(18.6000),
(23.0000),
(16.6667),
(18.0000),
(7.0000),
(17.7500),
(17.0000),
(19.0000),
(19.5000),
(23.2500),
(15.0000),
(30.0000),
(19.8095),
(19.1667),
(22.0000),
(17.8800),
(15.0000),
(26.0000),
(13.1429),
(16.5000),
(18.0000),
(13.3333),
(16.7500),
(16.1111),
(20.3333),
(12.0000),
(11.0000),
(13.0000),
(15.0000),
(15.1250),
(8.0000),
(8.0000),
(17.5000),
(16.0000),
(19.8250),
(24.8000),
(18.5366),
(20.0909),
(9.6667),
(22.0000),
(18.0556),
(18.3333),
(11.5000),
(12.0000),
(33.0000),
(15.9032),
(19.7692),
(18.0000),
(15.2632),
(16.2500),
(3.0000),
(20.5429),
(18.2000),
(11.5000),
(19.1875),
(20.4615),
(32.0000),
(16.6364),
(19.4545),
(25.0000),
(17.1304),
(15.5000),
(29.5000),
(15.6000),
(29.0000),
(20.2273),
(10.7500),
(19.0000),
(33.0000),
(16.7500),
(15.1667),
(21.3333),
(19.0000),
(13.3158),
(15.5000),
(21.5000),
(15.3214),
(18.6000),
(24.0000),
(14.5238),
(12.8571),
(11.0000),
(22.1429),
(19.6667),
(29.0000),
(13.0000),
(16.3333),
(16.0000),
(27.0000),
(17.4545),
(8.6667),
(19.0000),
(23.8889),
(22.0000),
(17.2143),
(15.6667),
(18.0000),
(18.6250),
(6.5000),
(23.1000),
(22.0000),
(14.6250),
(16.0000),
(32.0000),
(18.3182),
(22.3333),
(19.5294),
(20.8000),
(12.5000),
(6.5000),
(26.0000),
(18.5000),
(23.4000),
(22.0278),
(21.3333),
(8.0000),
(18.3421),
(17.7000),
(19.0000),
(26.0000),
(18.9565),
(15.5000),
(10.0000),
(31.0000),
(18.8571),
(19.7500),
(24.5000),
(18.7727),
(14.2000),
(26.0000),
(18.5217),
(14.6667),
(14.0000),
(16.5000),
(11.0000),
(15.5769),
(19.6250),
(22.2500),
(21.2857),
(30.0000),
(16.2105),
(14.5000),
(31.5000),
(16.9000),
(25.2857),
(17.0889),
(17.2222),
(20.5000),
(19.7391),
(18.4000),
(25.0000),
(18.8864),
(20.5455),
(17.5000),
(11.0000),
(8.0000),
(18.9545),
(20.5000),
(19.1277),
(19.6364),
(6.0000),
(18.0000),
(15.6286),
(16.6364),
(14.6667),
(28.5000),
(16.1515),
(15.3636),
(14.5000),
(25.0000),
(21.5000),
(23.8000),
(19.1944),
(18.0000),
(25.5000),
(21.1786),
(14.6000),
(24.0000),
(18.2857),
(12.2222),
(32.0000),
(18.1667),
(21.0000),
(17.0000),
(8.0000),
(26.0000),
(16.6286),
(22.1111),
(22.0000),
(17.3125),
(23.2222),
(24.7500),
(17.3750),
(17.6667),
(5.0000),
(20.2500),
(20.8462),
(27.0000),
(19.2857),
(23.2000),
(24.0000),
(18.7857),
(17.0000),
(24.0000),
(12.3333),
(9.0000),
(15.6000),
(19.8571),
(16.5278),
(20.0000),
(16.3333),
(23.0000),
(17.4688),
(19.2500),
(9.0000),
(30.0000),
(18.5789),
(14.2500),
(13.3333),
(11.0000),
(6.0000),
(20.0000),
(22.0000),
(33.0000),
(17.0286),
(17.2857),
(14.6000),
(10.3333),
(15.8387),
(12.6250),
(28.0000),
(17.9375),
(16.4000),
(31.0000),
(21.6818),
(13.0000),
(13.0000),
(23.0000),
(16.8696),
(25.3333),
(29.0000),
(16.1364),
(20.0000),
(30.0000),
(17.7273),
(14.3333),
(9.0000),
(16.9545),
(21.0000),
(23.0000),
(19.5238),
(19.0000),
(15.7273),
(12.7500),
(28.0000),
(17.7143),
(12.8333),
(20.5000),
(15.5000),
(17.5000),
(24.6667),
(24.2500),
(17.3333),
(8.0000),
(14.7500),
(16.5000),
(31.0000),
(19.1250),
(18.3846),
(18.0000),
(13.9091),
(21.0000),
(20.3571),
(13.6667),
(18.9000),
(19.5000),
(17.0000),
(12.2500),
(22.0000),
(16.9722),
(22.2000),
(21.0556),
(15.0000),
(20.7500),
(20.0000),
(17.3333),
(18.3077),
(14.0000),
(15.0000),
(18.8889),
(11.5000),
(15.0000),
(17.7857),
(13.5000),
(14.2500),
(19.5000),
(5.0000),
(16.8182),
(17.0000),
(18.0000),
(20.3667),
(13.0000),
(21.0000),
(18.4000),
(13.1667),
(8.6667),
(13.0000),
(19.8182),
(4.3333),
(14.3333),
(6.0000),
(26.0000),
(18.6522),
(16.7143),
(15.5789),
(14.6667),
(11.5000),
(17.7000),
(17.0000),
(4.0000),
(17.7917),
(11.1250),
(32.0000),
(18.4800),
(20.1429),
(28.0000),
(17.6522),
(23.7778),
(23.0000),
(7.0000),
(21.0000),
(20.0000),
(8.5000),
(16.8824),
(15.7143),
(10.0000),
(11.0000),
(21.6667),
(15.1026),
(18.9286),
(29.5000),
(16.9487),
(15.4000),
(19.0000),
(14.5625),
(21.9000),
(29.0000),
(16.5588),
(18.3333),
(16.7838),
(18.0000),
(28.0000),
(16.0000),
(15.6667),
(20.5000),
(30.0000),
(17.3810),
(18.8333),
(17.4286),
(17.4000),
(28.0000),
(17.7857),
(20.0000),
(13.0000),
(26.0000),
(19.4211),
(10.5000),
(16.0000),
(13.0000),
(18.5714),
(19.3333),
(17.4211),
(17.5000),
(18.0000),
(11.0000),
(20.9474),
(17.5000),
(14.0000),
(10.0000),
(16.3750),
(19.7500),
(14.3333),
(16.2000),
(16.7000),
(23.6667),
(20.7000),
(13.5000),
(33.0000),
(17.0606),
(16.0000),
(20.0000),
(17.2895),
(19.3636),
(15.0000),
(26.0000),
(15.6875),
(19.3636),
(20.5000),
(14.9714),
(20.0000),
(33.0000),
(17.4211),
(13.3636),
(23.6000),
(17.1613),
(17.5833),
(18.7500),
(16.0000),
(18.4286),
(26.0000),
(22.0000),
(15.1250),
(21.1429),
(12.0000),
(24.0000),
(17.3333),
(24.8333),
(18.0400),
(14.0000),
(32.0000),
(17.0455),
(15.2500),
(9.0000),
(17.6500),
(18.3750),
(29.0000),
(18.9643),
(15.4286),
(9.3333),
(21.0000),
(16.3448),
(19.5556),
(6.0000),
(13.0000),
(4.0000),
(17.5667),
(13.1111),
(18.7500),
(15.9310),
(17.7500),
(22.0000),
(18.0000),
(17.1923),
(11.6000),
(25.5000),
(18.1071),
(18.5556),
(16.5000),
(10.0000),
(16.6765),
(17.4545),
(17.2000),
(19.0741),
(13.6667),
(8.0000),
(18.6667),
(32.0000),
(21.1111),
(18.6316),
(13.5000),
(9.0000),
(12.0000),
(16.5909),
(16.0000),
(16.3333),
(17.7143),
(24.7500),
(14.8750),
(18.0000),
(10.3333),
(14.7857),
(16.2500),
(27.0000),
(17.8571),
(11.5000),
(29.0000),
(17.5294),
(14.0000),
(16.6667),
(15.0000),
(17.9737),
(21.8000),
(21.0000),
(18.9773),
(16.8571),
(22.6667),
(24.0000),
(16.4884),
(22.1667),
(23.0000),
(18.2188),
(19.1818),
(29.0000),
(18.4286),
(19.8333),
(11.0000),
(6.0000),
(20.4828),
(18.8333),
(15.6667),
(29.0000),
(15.5625),
(14.2857),
(7.0000),
(20.5000),
(18.1463),
(15.0909),
(21.2000),
(25.0000),
(19.7111),
(15.6923),
(23.6667),
(6.0000),
(19.0000),
(16.5000),
(15.2857),
(22.3333),
(19.9615),
(18.1667),
(9.0000),
(14.3043),
(12.7778),
(16.5000),
(6.0000),
(14.0000),
(19.9524),
(13.8571),
(13.3333),
(3.0000),
(19.1111),
(20.2857),
(22.0000);

--
-- Indici per le tabelle scaricate
--

--
-- Indici per le tabelle `exam_student`
--
ALTER TABLE `exam_student`
  ADD PRIMARY KEY (`exam_id`,`student_id`),
  ADD KEY `exam_student_student_id_foreign` (`student_id`);

--
-- Limiti per le tabelle scaricate
--

--
-- Limiti per la tabella `exam_student`
--
ALTER TABLE `exam_student`
  ADD CONSTRAINT `exam_student_exam_id_foreign` FOREIGN KEY (`exam_id`) REFERENCES `exams` (`id`),
  ADD CONSTRAINT `exam_student_student_id_foreign` FOREIGN KEY (`student_id`) REFERENCES `students` (`id`);
COMMIT;

/*!40101 SET CHARACTER_SET_CLIENT=@OLD_CHARACTER_SET_CLIENT */;
/*!40101 SET CHARACTER_SET_RESULTS=@OLD_CHARACTER_SET_RESULTS */;
/*!40101 SET COLLATION_CONNECTION=@OLD_COLLATION_CONNECTION */;
